gene_id	Col0_leaf	rdr2_leaf	drm_leaf	Col0_CC	rdr2_CC	drm_CC	Col0_ME	rdr2_ME	drm_ME
AT5G24240	0.0229958	2.10317	1.6937	0.0	0.940345	1.16283	0.0534269	2.75799	1.55297
AT3G48131	0.0	8.29343	0.0	0.0	23.4119	13.2641	0.0	0.0	0.0
AT1G09260	0.0688018	0.542508	0.254709	0.0	4.27479	3.62197	0.0	0.0	0.0
AT1G18940	0.649641	0.592076	0.465428	0.073827	3.00388	3.82008	1.41455	0.939392	1.44763
AT4G14550	25.0453	22.008	22.4367	0.0899851	1.7914	0.883209	0.647353	0.107439	0.38875
AT3G43110	0.10048	0.589787	0.71558	0.161037	2.90048	3.34217	0.113343	0.152475	0.372629
AT3G26240	4.56942	3.28782	2.82181	0.235481	3.74393	1.97552	4.47601	2.44525	3.05416
AT1G56600	14.0485	7.89125	21.8681	0.115955	0.896206	1.31265	0.222317	0.199261	0.29522
AT3G13720	15.095	15.3043	17.3349	0.590336	4.3431	5.83635	2.55654	2.26106	3.29416
AT3G29638	0.137331	0.523429	0.458296	0.198781	1.26051	0.895944	0.0295198	0.0640001	0.200135
AT3G47340	1.43862	0.799475	0.590408	0.609919	3.66267	2.54367	1.43631	1.6307	1.51972
AT2G34140	0.117816	0.1468	0.390138	0.518541	3.1125	7.61772	0.0564596	0.0	0.0
AT4G28703	1.4428	1.16948	0.579753	0.649528	3.69574	2.55776	0.0	0.207818	0.25398
AT1G15385	0.0	0.0	0.0	0.766258	4.05573	10.0097	0.0	0.0	0.0
AT5G17830	0.139767	0.131063	0.0429729	0.246987	1.19331	1.17459	0.17811	0.209767	0.0324465
AT1G68390	0.266333	0.128883	0.185896	0.95381	4.60028	5.22939	0.215375	0.151463	0.133927
AT2G33830	1.85028	2.34708	1.80031	1.39113	6.15875	4.85689	0.193914	0.0909669	0.48712
AT1G11270	0.961854	0.947574	1.59903	1.98192	8.55836	8.14807	1.08969	1.2919	1.69562
AT3G45730	29.6753	28.1174	25.1098	3.26308	13.8829	17.4561	23.6053	35.2849	48.3477
AT3G28770	0.34323	0.517869	0.547758	0.743983	3.10618	1.50333	0.371596	0.307625	0.579731
AT2G20670	135.65	132.452	138.592	18.2137	74.8622	88.5889	86.6764	102.4	129.717
AT4G09350	51.5273	43.0134	53.467	3.7525	14.8651	9.05986	72.7647	51.8973	65.0998
AT1G66230	10.322	10.8864	12.1113	0.568256	2.19892	3.42079	13.9376	12.8216	9.56429
AT4G01950	87.1097	77.2174	60.55	1.2975	4.98826	3.44844	0.443544	0.393032	0.811825
AT2G25480	3.64251	3.06932	3.4185	0.774564	2.92442	2.11951	3.49909	1.95362	1.7927
AT1G10586	0.0	0.0456357	0.0	0.959041	3.47864	3.1113	0.109205	0.474715	1.30973
AT2G30130	0.0	0.01818	0.0	0.394248	1.41066	2.22543	0.0	0.0	0.0
AT3G53160	0.180567	0.0397639	0.0327843	0.953186	3.38508	4.04304	0.93255	1.0614	1.09032
AT3G20340	0.571321	0.57271	0.383728	38.1637	135.269	140.819	1.57689	2.42898	3.00198
AT1G33600	48.4005	48.6196	30.3008	2.62578	9.29508	10.3178	107.753	158.182	128.426
AT3G19550	0.559677	1.18743	1.29115	4.33975	15.2287	40.6518	0.179148	0.134395	0.0343383
AT1G51805	42.7445	41.6827	39.9342	0.624231	2.16857	2.37243	48.6542	66.3944	83.6276
AT3G19552	0.713315	0.293976	0.288645	4.65597	15.657	36.8212	0.757399	0.0	0.156389
AT1G51090	53.335	50.388	61.3881	27.9037	93.322	94.8537	29.6954	39.0076	59.8821
AT3G30775	3.49575	4.89242	3.22445	144.179	481.967	544.298	5.99573	4.05376	2.89886
AT4G11140	0.116796	0.203969	0.124377	1.80909	6.02355	2.91052	0.0569354	0.428722	0.0785275
AT1G13245	49.4431	48.5206	51.7747	10.9542	35.1226	41.6102	13.1452	16.4666	28.9485
AT4G31240	0.874444	0.591568	0.821266	5.47659	17.53	18.782	0.196696	0.391531	0.391699
AT3G12510	0.684465	0.883405	0.90893	11.317	35.7349	44.2459	8.42032	12.6657	19.5604
AT5G07100	4.12769	3.80057	2.585	2.18236	6.83666	11.6678	8.27347	12.0323	17.0537
AT3G62150	0.259883	0.471739	0.251598	0.407148	1.27348	2.58362	0.379411	0.600373	1.26952
AT5G14070	0.306745	0.37438	0.148349	2.99756	9.36022	6.57737	0.331695	0.0	0.0414613
AT4G21920	0.312706	0.176289	0.526164	0.455028	1.42009	2.28074	0.142688	0.719641	0.733665
AT5G60780	0.00966248	0.251645	0.063657	0.585041	1.81925	1.32909	0.103599	0.150549	0.128304
AT1G32350	0.0382216	0.0	0.0118238	0.328308	1.00946	3.57018	1.64718	2.27964	4.60358
AT1G68290	0.566938	0.223011	0.247344	11.5559	35.4454	67.9858	1.12842	2.88965	2.81943
AT5G38200	0.661813	0.774265	0.564222	1.34116	3.91733	4.85979	0.214366	0.0310886	0.148836
AT5G40348	0.0141013	0.0520051	0.0816136	2.33957	6.73123	4.97761	0.0256011	0.289801	0.238847
AT3G27270	3.34585	3.48442	4.31473	0.970127	2.77409	2.75002	1.29408	1.92148	2.77283
AT4G27260	1.16541	1.20203	1.13045	3.59072	10.2661	13.4374	2.76847	3.7938	2.79543
AT3G13730	1.25001	1.40241	1.36125	7.94526	22.5631	16.3772	0.365748	0.195448	0.121119
AT4G01070	46.62	43.6173	47.2566	18.1489	51.2038	61.8757	60.7328	75.7319	80.3846
AT5G27765	0.106537	0.179019	0.0	3.72802	10.5088	10.9411	1.25681	2.79502	3.38622
AT4G34135	4.49283	3.8455	3.28071	17.6594	49.2767	51.5199	70.0376	85.0747	111.052
AT5G48850	0.618344	0.953093	0.98292	7.31804	20.4092	16.6234	0.39134	0.0	0.10243
AT5G22300	10.8967	10.6141	17.0225	0.573966	1.59268	1.52716	25.1706	18.1037	26.9382
AT1G15670	0.754019	1.02425	0.68082	14.868	40.9785	57.5854	0.916469	1.21544	2.76966
AT1G66090	23.6161	25.5007	15.0423	3.46491	9.51934	9.44414	156.62	251.484	196.571
AT5G20790	0.619167	0.305761	0.629553	0.490264	1.33089	2.48136	0.351317	0.460031	0.223518
AT2G05910	0.372495	0.478429	0.688944	4.14643	11.1651	22.8915	0.110998	0.0	0.0574834
AT2G15490	0.0548963	0.0380171	0.0103867	6.50381	17.1925	21.0318	1.92749	3.31625	5.52439
AT2G03760	15.711	13.3577	15.8218	1.78012	4.68305	7.23467	3.26458	4.72184	9.23279
AT5G08350	0.513116	0.913186	0.753696	2.24635	5.90468	7.75589	0.0	0.0	0.0611933
AT5G40860	0.0174791	0.0	0.0	0.384545	0.998485	1.38459	0.052928	0.21254	0.123911
AT5G66450	12.3864	12.9994	11.9023	12.7364	33.0114	43.3456	19.1913	19.2568	19.0979
AT1G56090	3.48862	0.854319	1.30119	3.83761	9.94148	7.72447	3.30876	1.21351	0.90699
AT5G54720	10.1621	11.8507	9.17502	0.606026	1.56759	1.29295	31.1013	40.958	40.0203
AT2G25460	1.12859	0.775156	0.491892	12.6453	32.6835	38.204	44.1995	49.9782	43.4011
AT1G68250	0.325916	0.2163	0.191454	0.576777	1.47974	1.59364	0.69551	0.595244	0.172161
AT4G34131	1.54274	1.37937	1.26565	60.3217	154.518	158.539	111.592	164.847	143.599
AT4G12005	4.43687	4.54571	4.78168	6.60143	16.8321	18.58	3.33657	4.97975	6.49214
AT5G48180	23.4178	20.7998	22.1585	27.0473	68.2882	71.5942	27.6927	35.5021	40.9253
AT1G02205	21.516	22.1156	54.5178	0.689472	1.72777	3.40999	0.25638	0.104477	0.181187
AT1G65610	0.0475703	0.0725796	0.0305371	0.473524	1.186	2.19028	0.0691966	0.126589	0.308091
AT1G09460	0.305878	0.286038	0.229301	1.2283	3.06291	5.43678	0.0	0.0916754	0.0194519
AT3G14660	20.1639	20.566	20.4451	4.37038	10.8479	11.1413	56.6228	71.2801	73.0695
AT3G55940	1.291	0.858319	1.55217	1.32485	3.27387	5.15029	0.0968424	0.0249702	0.0375501
AT2G01670	76.7582	66.2094	61.0787	5.21578	12.8828	22.4912	208.669	211.163	214.666
AT2G38590	0.0	0.0	0.0	0.47341	1.16822	1.69478	0.0874137	0.106561	0.066987
AT2G23840	18.2703	15.951	20.9083	1.25826	3.08609	3.00537	27.3275	29.5003	32.7296
AT3G50070	4.31023	4.68381	5.94984	7.98277	19.4789	26.0632	2.45747	2.76974	2.208
AT2G22860	19.6101	13.3705	14.8178	15.7814	38.1519	93.0538	1.15064	0.361492	1.03882
AT3G22830	0.0151403	0.0	0.0108451	0.408522	0.98076	1.28698	0.0	0.0	0.0337073
AT2G47950	0.321653	0.324975	0.381465	34.3635	81.9132	105.322	2.56982	3.78585	8.65675
AT4G04610	26.0688	30.5485	30.2878	10.5308	25.0851	22.8228	11.2648	16.65	13.4779
AT5G28237	0.0625736	0.207338	0.0759587	0.564611	1.34175	1.38291	0.815345	1.79559	1.00639
AT3G28740	1.01114	0.998346	0.923997	83.3844	197.454	194.762	39.0571	46.9705	52.6696
AT2G26530	12.217	10.9337	8.16248	112.124	263.788	282.295	466.128	645.869	670.897
AT4G07960	0.0927143	0.145516	0.179098	0.913703	2.14544	1.70171	0.0606361	0.128829	0.16242
AT2G41380	1.12347	0.733703	1.2613	22.6984	53.1089	68.238	0.826187	0.966667	1.26091
AT5G66440	2.60655	2.41696	2.08337	38.8741	90.7034	132.011	1.15216	0.507724	0.465412
AT3G26700	2.64175	2.85523	2.60973	6.37456	14.8153	19.2945	0.992423	0.728884	1.0179
AT4G15260	3.13288	2.77283	2.80404	1.45524	3.36312	3.99266	10.9571	10.9735	10.7142
AT1G72070	0.723806	0.167897	0.889413	2.34914	5.37907	6.89749	0.732611	2.00096	2.42792
AT4G34880	0.0110958	0.0337284	0.0866295	4.55421	10.3877	7.12173	0.204811	0.190793	0.203385
AT1G24145	6.18029	6.16263	6.23289	0.687096	1.55415	1.87743	40.3783	48.3439	68.2837
AT4G15280	0.0494152	0.0	0.0103538	2.16972	4.86187	5.83039	0.399226	0.0345505	0.184872
AT5G47230	2.33739	1.34903	1.00352	8.00291	17.9235	24.0764	57.2399	74.367	87.6456
AT2G15480	1.50574	1.41281	1.13051	121.936	271.159	257.961	48.1688	67.5419	81.0137
AT1G61340	57.317	39.1927	29.7817	65.6398	145.138	152.15	113.849	137.003	162.113
AT3G49940	13.9424	14.1405	8.65926	30.5257	67.4352	74.2216	8.58395	5.9309	2.9645
AT1G66400	14.3597	13.0429	12.9399	1.86849	4.10858	3.92348	1.78052	2.3387	4.09255
AT1G61890	28.5937	26.0113	21.9995	12.7297	27.8517	29.9105	439.413	645.017	546.71
AT1G55370	17.1594	16.6462	16.2454	1.91785	4.17999	3.48317	25.6088	23.1605	22.3755
AT4G31770	2.70998	2.44236	2.57814	6.85008	14.6614	14.0872	8.22907	9.6393	9.48329
AT1G32460	50.8978	50.5254	44.8952	51.083	108.937	120.654	22.7169	57.9165	80.4135
AT1G72760	0.0888619	0.0463343	0.0939705	0.794997	1.67951	1.31903	0.390334	0.712377	0.273546
AT5G26770	11.4692	10.0611	10.1417	1.80775	3.79809	5.66751	1.95133	2.63356	3.42185
AT3G61260	108.685	106.246	102.453	36.3013	76.2167	86.1623	78.8057	87.746	120.347
AT1G61210	5.77984	4.77956	5.31982	3.63187	7.61504	8.04796	9.74182	9.06743	8.84626
AT2G14290	0.185919	0.199812	0.1229	0.552318	1.1525	1.7269	0.544754	1.06202	0.962835
AT2G41640	5.30549	3.62001	2.4546	33.4561	69.6759	76.6609	92.4854	93.0549	96.4887
AT4G01360	7.58581	4.31186	3.01966	155.041	322.175	426.073	186.802	204.182	185.374
AT3G02910	8.95186	7.94066	7.80186	16.1563	33.5096	38.7083	15.1318	24.4088	23.5527
AT1G01120	73.2578	74.4506	77.8981	0.663708	1.37269	1.92745	1.04074	1.54754	2.65833
AT4G25490	19.901	14.3366	4.75328	7.88582	16.3068	17.2031	54.065	36.6403	25.9945
AT3G27880	0.418277	0.448094	0.481662	1.03916	2.14629	2.31337	0.139667	0.337469	0.525804
AT1G48745	18.0875	21.0035	28.1681	0.952497	1.94091	2.44686	6.71904	9.93729	14.0644
AT3G19240	8.11162	10.0103	8.17957	75.2121	152.8	150.757	38.9732	42.9089	34.5019
AT5G24030	13.9616	12.4246	11.837	0.496973	1.00628	2.88293	26.2931	33.2771	33.4824
AT1G30040	0.936971	1.13729	0.733671	5.06855	10.2409	14.2647	1.87679	2.88326	1.48313
AT5G41610	0.0186145	0.317421	0.20632	0.643207	1.28844	2.44756	0.0794186	0.0645295	0.114107
AT3G18485	0.997368	1.33853	1.51525	5.39048	10.7967	10.5127	0.942161	0.948414	0.682151
AT5G09876	0.369045	0.182983	0.332501	3.21281	6.39289	9.48745	1.34691	2.07987	1.76079
AT3G24460	14.0005	14.5214	19.8535	1.07429	2.13082	4.1656	56.2641	33.8871	29.3343
AT2G36220	19.6522	16.1454	10.1786	112.72	222.54	236.796	138.594	168.632	171.54
AT2G33380	169.158	130.9	222.451	9.28354	18.2737	41.8921	127.07	175.411	273.405
AT3G21690	17.8303	19.5283	17.6535	0.913377	1.7974	4.64403	16.9847	15.818	16.1915
AT5G26600	5.06103	4.91925	5.01315	6.01294	11.8066	14.9901	3.91667	5.85696	4.81805
AT5G20320	0.991717	0.928612	1.20608	3.39241	6.59808	6.74285	0.878226	0.922391	0.597256
AT5G13190	73.0907	70.4443	62.9844	178.817	347.369	353.396	204.556	269.691	329.326
AT4G31248	0.648336	0.472761	0.806656	0.664823	1.28911	1.46704	0.887932	0.95129	0.479378
AT1G19770	82.2399	82.0622	59.8552	44.3821	86.0116	89.4251	247.545	416.671	354.67
AT2G26250	84.8743	88.8722	82.8947	0.632203	1.22265	1.64856	0.385098	0.36287	0.611114
AT1G09970	20.0793	18.8354	16.1005	14.8422	28.6409	35.5451	25.089	34.9172	36.5944
AT3G47480	4.07091	4.1629	4.55815	1.62073	3.10488	3.85607	0.700413	1.85517	1.22447
AT2G33100	0.0151504	0.0121183	0.00938101	1.69472	3.23758	2.56346	1.15448	1.31687	0.972849
AT1G77380	0.170635	0.0781852	0.0871708	2.32617	4.43648	8.66328	0.15822	0.167494	0.163019
AT3G27810	0.0	0.0689681	0.0238945	1.38976	2.63249	2.77671	0.0627797	0.128493	0.0
AT5G64687	1.25649	1.18799	1.85508	15.2385	28.8387	27.205	0.334062	0.271045	0.114152
AT5G47900	5.67839	5.5821	6.36001	2.23312	4.2252	4.35432	8.66765	5.28051	6.3922
AT5G23850	2.42731	2.61421	3.25059	14.1298	26.6785	25.5288	1.62962	3.13151	1.41725
AT5G54240	0.318117	0.202159	0.367256	0.619216	1.16836	1.81302	0.252336	1.09375	0.421685
AT2G20180	8.71221	8.5003	8.92583	0.902558	1.70126	1.44219	8.28794	6.26655	5.55542
AT4G21990	15.7738	18.2783	15.5167	88.9363	167.564	170.125	83.2556	69.9593	79.6315
AT1G52342	61.2616	71.3731	82.3567	1.28076	2.40335	2.56667	30.1158	41.7715	55.4005
AT3G09770	13.4252	13.7986	15.9095	24.1259	45.271	56.6005	10.6086	10.8828	11.1768
AT1G55920	21.2438	21.9543	21.2747	74.2875	139.186	175.449	64.0917	80.514	97.269
AT3G55970	0.0928684	0.268673	0.0365474	2.63438	4.90369	7.27618	0.613086	0.921041	1.11208
AT4G20170	23.0181	22.4486	19.7637	22.0588	40.801	57.3509	32.5507	26.8679	23.6742
AT5G35960	0.121712	0.189509	0.236411	0.874419	1.61179	2.73842	0.0640195	0.0	0.0
AT3G47780	0.503008	0.324667	0.667628	6.61671	12.1889	13.387	2.44002	2.97833	3.41675
AT4G18010	3.49419	3.29568	2.76148	16.648	30.6392	35.6637	35.9604	59.5426	46.7302
AT3G53180	10.4912	10.4101	10.3717	17.3947	32.009	38.1128	48.8423	68.2898	62.4711
AT1G63180	3.57942	3.79119	3.02787	19.3669	35.6317	40.9523	1.70178	2.30292	1.60352
AT5G50720	4.00591	4.69213	3.90191	47.2723	86.9437	119.588	1.0277	1.00904	0.285536
AT5G24110	3.60615	4.05323	3.04679	1.15349	2.1141	2.76174	108.7	112.101	99.8221
AT4G13830	41.7883	39.2739	46.8711	2.043	3.73901	4.59242	44.8924	52.5232	64.5327
AT3G17120	3.95923	4.36912	3.37197	14.9287	27.3105	31.643	1.50482	1.17465	0.949524
AT2G33990	6.81735	6.10738	6.40551	0.771306	1.40984	1.67853	4.84509	4.12217	3.88439
AT3G10525	26.691	27.2878	32.832	19.0904	34.835	39.968	16.458	16.1827	22.2998
AT1G04570	1.98634	2.51896	3.01399	0.682267	1.24435	1.37683	2.98511	3.37848	6.05657
AT5G25280	90.8065	81.0395	73.5398	42.5537	77.5728	75.4545	49.2784	56.367	69.158
AT4G11280	63.4154	53.8236	34.5994	313.917	569.68	556.287	552.558	391.19	373.794
AT5G43620	28.4898	26.6917	23.8131	244.427	441.462	379.867	92.7068	100.903	107.122
AT1G09940	16.54	14.3708	11.0885	41.5819	75.0918	96.7412	231.13	380.219	334.21
AT1G70700	37.6695	42.4724	37.539	22.6126	40.8189	42.6651	89.2303	134.053	109.677
AT5G19040	0.163097	0.23158	0.215425	4.57362	8.22886	11.3932	1.3167	1.65475	1.51381
AT3G44020	61.1887	65.5749	65.3466	16.397	29.266	27.6356	50.5215	57.2689	72.7599
AT5G64450	1.26379	0.931714	1.08778	2.60847	4.65293	7.52472	0.318619	0.0	0.569444
AT4G18700	13.048	12.8745	13.2742	7.07181	12.6053	14.3271	14.352	13.1009	12.5338
AT3G45780	27.8996	27.9797	27.0449	8.9828	16.0074	15.0831	25.6392	21.6642	22.9668
AT4G06534	8.53434	8.47693	8.41196	6.49199	11.527	14.46	9.8355	10.7474	14.1552
AT5G40460	0.789855	1.03944	0.442058	3.11326	5.5272	8.53131	3.07601	4.04602	5.67609
AT1G63530	0.614366	0.422187	0.401893	6.19146	10.9687	15.43	0.817585	0.866008	0.831237
AT2G15890	3.74639	2.38201	2.80857	13.7572	24.3553	23.8902	1.53837	1.71631	2.96238
AT5G35735	25.8856	25.2952	17.0651	151.669	268.227	364.287	1065.2	1642.88	1469.7
AT5G14570	11.8162	11.1613	11.3448	1.74629	3.07942	3.09331	9.56487	8.94563	11.5546
AT1G64950	23.2882	21.0041	22.1941	24.8576	43.7762	50.9255	77.1236	76.0912	88.1291
AT4G20090	0.852733	0.699477	0.695805	0.565327	0.988537	0.954617	0.623529	0.802057	0.547327
AT4G21570	344.724	271.802	307.91	120.607	208.784	265.733	345.097	403.024	491.446
AT1G63750	7.47879	6.04924	5.00412	3.82506	6.6203	7.59241	6.64627	8.33718	10.2359
AT2G04240	20.4053	20.5499	23.6709	28.2947	48.8339	51.2763	8.82984	8.62568	9.76521
AT5G04040	7.54326	8.31918	8.30971	10.6802	18.4317	26.9079	7.65746	10.6699	11.1786
AT3G44190	14.1358	12.0169	13.2131	105.91	182.359	189.415	262.233	400.016	341.235
AT3G13225	1.80101	1.41591	1.95562	1.82934	3.14149	2.7456	1.61663	1.52834	1.80641
AT1G68670	43.4184	37.0576	31.6192	82.7937	141.834	145.885	49.5567	42.9794	47.7766
AT3G13110	46.4419	44.6086	43.6992	101.578	173.631	233.807	64.2962	52.9014	47.2669
AT4G30780	5.30775	5.41222	5.08269	15.6715	26.7719	29.0744	19.4658	25.1459	20.345
AT3G25250	0.704894	0.688304	0.400775	82.4463	140.816	149.444	92.1992	121.058	105.719
AT3G14067	101.068	87.9794	108.433	20.359	34.7079	35.5408	121.768	103.354	121.312
AT1G75000	14.7827	13.9734	9.76327	31.705	54.0476	55.3207	41.4932	45.173	37.2934
AT1G09950	32.5133	21.8414	19.3114	8.6312	14.6664	14.7074	12.5125	15.5616	17.4872
AT5G18630	31.9127	28.8226	30.4236	12.6193	21.3006	25.5467	42.2431	39.5159	43.9911
AT5G28300	2.33355	1.9926	2.54389	1.14767	1.92775	2.01074	0.779707	0.436051	0.632493
AT5G04950	27.041	18.1297	28.1251	3.96666	6.65512	10.908	6.13299	5.28622	5.66691
AT5G16340	0.141215	0.159611	0.227744	3.52368	5.9084	5.88591	0.0727045	0.0839565	0.0503944
AT1G56612	2.52744	2.25661	2.83304	3.23262	5.41596	6.33082	3.11113	4.64135	3.52772
AT2G20960	18.1616	16.4982	13.9495	1.09251	1.82673	2.80037	181.472	225.072	222.993
AT4G00050	32.5913	38.601	36.0129	7.85836	13.0903	13.2632	32.743	32.0296	29.6395
AT3G46620	9.27322	6.38238	4.91901	33.5731	55.5491	72.073	136.617	172.91	139.535
AT4G10310	0.549227	0.719234	0.588037	4.49028	7.41651	8.20155	0.0571034	0.0321779	0.0
AT2G18915	7.41733	8.28669	7.36609	26.7689	44.1721	62.7204	20.3011	33.77	23.7925
AT2G02180	14.2308	15.4199	17.2061	12.6401	20.8094	23.8706	24.83	27.5945	33.2698
AT3G08720	2.87454	2.77549	2.05492	24.7106	40.6626	45.0541	37.8913	47.3097	45.0199
AT5G60680	71.8414	55.9823	46.3277	38.8677	63.7669	62.4822	36.151	43.1649	53.8822
AT2G17880	12.5391	10.8423	9.35467	5.30416	8.68953	12.0864	11.8749	13.2206	16.2713
AT3G47640	4.01663	3.93979	3.45224	18.2887	29.7836	35.0801	8.23896	11.3202	9.27832
AT3G23920	85.9331	76.1953	84.303	120.703	196.434	239.084	536.967	674.307	606.319
AT4G05020	14.7939	13.9184	16.5008	97.0833	157.856	163.087	26.0874	34.52	41.7482
AT2G23150	2.43796	2.61158	2.34769	20.3113	32.9833	47.2063	1.55107	1.76445	1.67869
AT1G54100	12.6703	9.19364	13.664	17.1846	27.8981	31.701	10.6846	11.7003	19.024
AT3G29575	9.65647	6.61323	15.7724	1.22563	1.98911	3.23702	12.4867	16.8557	31.9062
AT2G35290	15.185	11.6349	9.1857	2.43282	3.94793	6.449	3.9295	4.6201	6.02275
AT1G68760	15.1094	13.5538	13.697	3.47257	5.62278	6.52048	1.6297	3.78936	2.29703
AT1G47960	23.5587	23.6262	33.0287	26.3532	42.6556	47.6278	0.499414	0.0985268	0.364363
AT2G34600	10.4738	7.90972	5.98293	91.7659	148.47	168.849	4.58894	5.42855	7.42302
AT1G05690	4.75793	4.44573	4.07342	1.32477	2.13355	2.34403	11.0566	12.5851	7.76487
AT1G18300	28.5685	18.7622	9.4645	49.3996	79.4978	113.292	503.516	651.451	536.156
AT4G05110	4.6717	5.07163	6.06585	2.85727	4.59724	4.49625	0.552205	0.765322	1.08736
AT2G04360	19.7069	21.4517	21.4323	18.8098	30.2323	29.9348	35.8508	30.382	33.7968
AT2G29450	168.981	169.813	153.56	250.621	402.673	493.851	522.378	758.921	760.765
AT4G04020	206.695	222.116	231.387	22.2516	35.7078	37.2417	465.706	474.201	448.408
AT5G46170	9.06506	9.04527	8.01327	15.7704	25.1	30.8015	30.657	28.3607	26.9686
AT4G12000	41.6245	35.3146	35.9925	19.7588	31.4368	35.073	37.2549	48.6482	49.7287
AT3G62720	10.9797	10.8949	8.21271	11.5956	18.3807	21.8896	25.3826	37.3612	28.4778
AT1G47128	252.915	235.29	267.577	70.3836	111.37	142.191	354.303	333.081	370.761
AT3G07370	8.19105	9.24132	8.54576	10.2943	16.218	21.613	11.3834	12.6617	13.4843
AT4G19510	6.71683	6.82968	6.30869	2.1312	3.35464	3.46327	9.37975	8.91419	10.6405
AT4G34590	1.31706	0.804839	0.642718	5.23579	8.21661	13.2166	0.0811054	0.20423	0.0634915
AT1G55450	103.072	99.8864	80.7924	7.99079	12.5296	17.5647	370.672	578.01	516.462
AT5G43260	54.448	54.9868	63.156	10.8053	16.8949	19.1518	40.4453	52.7333	76.6237
AT3G27540	5.54937	4.67627	4.57197	13.9449	21.7527	26.8142	45.4283	34.3004	36.8306
AT5G13820	0.715435	0.600569	0.888394	3.39721	5.29199	7.11744	0.199003	0.522087	0.721149
AT3G10940	52.4239	63.8738	71.3744	5.44866	8.46357	12.4291	91.9471	86.5561	104.889
AT4G03430	6.71013	6.47149	6.79519	10.9508	16.922	19.3904	14.9424	25.4234	20.7396
AT4G08170	2.56024	3.13334	2.75277	56.9991	88.0695	126.539	9.05447	17.4716	12.968
AT1G35830	0.23461	0.393713	0.157271	4.15492	6.38216	8.79645	0.0729019	0.193734	0.0424833
AT4G11800	2.22427	2.09394	2.07999	3.28601	5.04305	5.60351	1.89528	1.99754	1.82983
AT2G23810	288.876	264.492	193.849	32.7129	50.1634	79.0297	772.071	1121.5	1107.67
AT1G56220	125.266	108.771	131.928	107.843	165.243	191.889	25.8845	36.0457	63.3828
AT3G49810	7.3822	5.73065	5.9174	12.3861	18.9631	23.6729	4.87712	4.15896	4.01585
AT5G58070	106.314	104.86	105.522	125.144	190.932	235.862	219.574	314.526	386.79
AT1G17380	8.44075	6.59231	4.46226	58.1971	88.7118	98.2102	38.6245	50.7926	54.5638
AT5G23130	6.92024	5.95802	4.65252	4.03641	6.13802	6.58052	8.01634	8.37993	6.79069
AT3G45640	87.1412	87.6446	57.1503	24.3225	36.8157	44.6647	441.695	499.945	481.698
AT5G49740	59.1498	52.2042	56.2153	2.65604	4.0201	4.58819	134.458	100.52	87.4516
AT4G31780	42.7132	44.0713	39.9901	33.0989	50.0579	59.7197	114.682	131.168	127.596
AT5G21990	7.05379	6.85195	7.81835	16.8175	25.4335	33.0763	14.1002	23.0842	20.7652
AT3G22200	13.9341	11.9095	12.4353	4.53522	6.85085	9.55439	8.73708	7.38317	8.83787
AT2G22430	66.5339	59.0265	66.6007	37.3291	56.2698	71.4285	46.1659	43.5266	48.1509
AT3G44260	44.0403	28.7256	18.4899	34.4461	51.8228	66.4512	285.053	195.778	230.911
AT5G54860	9.92281	8.44338	7.42305	9.64765	14.4803	19.107	25.1176	36.5987	32.5608
